SpokenQueryDoc-SQSCR-formal-0001: 1.0
SpokenQueryDoc-SQSCR-formal-0002: 0.5
SpokenQueryDoc-SQSCR-formal-0003: 0.2
SpokenQueryDoc-SQSCR-formal-0004: 1.0
SpokenQueryDoc-SQSCR-formal-0005: 0.5833333333333334
SpokenQueryDoc-SQSCR-formal-0006: 0.2634475478225478
SpokenQueryDoc-SQSCR-formal-0007: 0.5208333333333333
SpokenQueryDoc-SQSCR-formal-0008: 0.5833333333333334
SpokenQueryDoc-SQSCR-formal-0009: 1.0
SpokenQueryDoc-SQSCR-formal-0010: 0.75
SpokenQueryDoc-SQSCR-formal-0011: 0.5111111111111111
SpokenQueryDoc-SQSCR-formal-0012: 0.4290123456790123
SpokenQueryDoc-SQSCR-formal-0013: 0.5
SpokenQueryDoc-SQSCR-formal-0014: 1.0
SpokenQueryDoc-SQSCR-formal-0015: 0.30616732804232805
SpokenQueryDoc-SQSCR-formal-0016: 1.0
SpokenQueryDoc-SQSCR-formal-0017: 0.5555555555555556
SpokenQueryDoc-SQSCR-formal-0018: 1.0
SpokenQueryDoc-SQSCR-formal-0019: 0
SpokenQueryDoc-SQSCR-formal-0020: 0.75
SpokenQueryDoc-SQSCR-formal-0021: 0.5185185185185185
SpokenQueryDoc-SQSCR-formal-0022: 1.0
SpokenQueryDoc-SQSCR-formal-0023: 0.4682539682539682
SpokenQueryDoc-SQSCR-formal-0024: 0.25
SpokenQueryDoc-SQSCR-formal-0025: 0.5
SpokenQueryDoc-SQSCR-formal-0026: 0.3007644110275689
SpokenQueryDoc-SQSCR-formal-0027: 0
SpokenQueryDoc-SQSCR-formal-0028: 0.16666666666666666
SpokenQueryDoc-SQSCR-formal-0029: 0.2863332208726946
SpokenQueryDoc-SQSCR-formal-0030: 1.0
SpokenQueryDoc-SQSCR-formal-0031: 0.11717132437245321
SpokenQueryDoc-SQSCR-formal-0032: 0.27346096096096095
SpokenQueryDoc-SQSCR-formal-0033: 0.6666666666666666
SpokenQueryDoc-SQSCR-formal-0034: 1.0
SpokenQueryDoc-SQSCR-formal-0035: 0.75
SpokenQueryDoc-SQSCR-formal-0036: 1.0
SpokenQueryDoc-SQSCR-formal-0037: 0.75
map ..............0.5810980979878393
