SpokenQueryDoc-SQSCR-formal-0001: 1.0
SpokenQueryDoc-SQSCR-formal-0002: 0.475
SpokenQueryDoc-SQSCR-formal-0003: 0.2
SpokenQueryDoc-SQSCR-formal-0004: 1.0
SpokenQueryDoc-SQSCR-formal-0005: 0.625
SpokenQueryDoc-SQSCR-formal-0006: 0.2591465682863532
SpokenQueryDoc-SQSCR-formal-0007: 0.5208333333333333
SpokenQueryDoc-SQSCR-formal-0008: 0.5277777777777778
SpokenQueryDoc-SQSCR-formal-0009: 1.0
SpokenQueryDoc-SQSCR-formal-0010: 0.75
SpokenQueryDoc-SQSCR-formal-0011: 0.5666666666666667
SpokenQueryDoc-SQSCR-formal-0012: 0.3848039215686274
SpokenQueryDoc-SQSCR-formal-0013: 0.3333333333333333
SpokenQueryDoc-SQSCR-formal-0014: 1.0
SpokenQueryDoc-SQSCR-formal-0015: 0.2831082112332112
SpokenQueryDoc-SQSCR-formal-0016: 1.0
SpokenQueryDoc-SQSCR-formal-0017: 0.611111111111111
SpokenQueryDoc-SQSCR-formal-0018: 1.0
SpokenQueryDoc-SQSCR-formal-0019: 0
SpokenQueryDoc-SQSCR-formal-0020: 0.75
SpokenQueryDoc-SQSCR-formal-0021: 0.51010101010101
SpokenQueryDoc-SQSCR-formal-0022: 1.0
SpokenQueryDoc-SQSCR-formal-0023: 0.46428571428571425
SpokenQueryDoc-SQSCR-formal-0024: 0.3333333333333333
SpokenQueryDoc-SQSCR-formal-0025: 0.25
SpokenQueryDoc-SQSCR-formal-0026: 0.30466269841269844
SpokenQueryDoc-SQSCR-formal-0027: 0
SpokenQueryDoc-SQSCR-formal-0028: 0.125
SpokenQueryDoc-SQSCR-formal-0029: 0.2985164141414141
SpokenQueryDoc-SQSCR-formal-0030: 1.0
SpokenQueryDoc-SQSCR-formal-0031: 0.11270373735815935
SpokenQueryDoc-SQSCR-formal-0032: 0.28747605363984674
SpokenQueryDoc-SQSCR-formal-0033: 0.41666666666666663
SpokenQueryDoc-SQSCR-formal-0034: 1.0
SpokenQueryDoc-SQSCR-formal-0035: 0.75
SpokenQueryDoc-SQSCR-formal-0036: 1.0
SpokenQueryDoc-SQSCR-formal-0037: 0.6666666666666666
map ..............0.5623295464301601
